108
1152
3648
3744
4320
4512
4728
5040
5280
5952
6144
7392
8760
9024
9216
9792
9840
10752
11832
12288
12432
12624
12864
13056
13200
13392
13584
13680
13824
13968
14160
14304
14400
14592
14688
14784
14880
15120
15216
15552
15840
15984
16320
16608
16752
16896
17040
17184
17328
17664
17808
17952
18096
18192
18240
18336
18624
18912
19056
19392
19680
19776
19872
19968
20112
20256
20400
20736
20880
21024
21168
21264
21312
21408
21696
21744
21984
22032
22464
22512
22752
22800
22848
23520
23616
24240
24576
25152
25248
25536
25584
25824
25872
25968
26160
26304
26448
26592
26688
26928
27072
27216
27312
27408
27456