96
108
120
192
288
336
384
432
468
480
528
576
672
864
876
912
960
1008
1056
1104
1152
1200
1296
1332
1344
1440
1632
1776
1872
1920
1932
1944
1968
2016
2064
2112
2208
2400
2448
2496
2544
2640
2688
2784
2832
2928
3168
3180
3192
3264
3360
3408
3456
3504
3540
3552
3600
3648
3696
3744
3936
3948
3984
4032
4080
4128
4176
4224
4272
4320
4368
4404
4416
4512
4704
4728
4752
4800
4896
4944
4992
5040
5088
5136
5184
5280
5472
5520
5616
5712
5808
5856
5856
5904
5952
5952
6048
6048
6144
6144
6336
6432
6624
6720
6816
6912
7008
7104
7200
7392
7680
7872
7968
8160
8256
8352
8448
8544
8640
8736
8748
8760
8928
9024
9120
9216
9408
9504
9696
9792
9840
9888
9984
10080
10176
10272
10464
10752
10848
10944
11040
11232
11328
11424
11520
11616
11712
11808
11820
11832
12000
12096
12192
12240
12288
12384
12432
12528
12624
12720
12816
12864
12912
12960
13008
13056
13152
13200
13296
13344
13392
13488
13536
13584
13632
13680
13728
13776
13824
13920
13968
14064
14112
14160
14256
14304
14352
14400
14448
14496
14544
14592
14688
14784
14880
14976
15024
15072
15120
15168
15216
15264
15312
15360
15408
15456
15504
15552
15648
15696
15744
15792
15840
15936
15984
16032
16080
16128
16176
16224
16272
16320
16416
16464
16512
16560
16608
16704
16752
16800
16848
16896
16944
17040
17088
17184
17232
17328
17376
17424
17472
17520
17568
17616
17664
17712
17808
17856
17952
18000
18096
18144
18192
18240
18288
18336
18432
18480
18528
18576
18624
18720
18768
18816
18864
18912
19008
19008
19056
19056
19104
19104
19200
19248
19296
19344
19392
19488
19536
19584
19632
19680
19776
19776
19824
19824
19872
19872
19920
19968
20016
20112
20160
20256
20304
20400
20448
20496
20544
20592
20640
20688
20736
20784
20880
20928
21024
21072
21168
21216
21264
21312
21360
21408
21504
21552
21600
21648
21696
21744
21792
21840
21888
21936
21984
22032
22080
22128
22176
22224
22272
22320
22368
22416
22464
22512
22560
22608
22656
22704
22752
22800
22848
22896
22944
22992
23040
23088
23136
23184
23232
23280
23328
23376
23424
23472
23520
23568
23616
23664
23712
23760
23808
23856
23904
23952
24000
24048
24096
24144
24192
24240
24288
24336
24384
24432
24480
24528
24576
24624
24672
24720
24768
24864
24912
24960
25008
25056
25152
25152
25200
25200
25248
25248
25344
25392
25440
25488
25536
25632
25680
25728
25776
25824
25920
25920
25968
25968
26016
26016
26064
26112
26160
26208
26256
26304
26352
26400
26448
26496
26544
26592
26640
26688
26736
26784
26832
26880
26928
26976
27024
27072
27120
27168
27216
27264
27312
27360
27408
27456
27504
27552
27600
27624